#' Complete list of Sage colors
#'
#' @export
# nolint start
sage_colors <- list(
  royal = c("200" = "#D5CFE3", "300" = "#B2A5D1", "400" = "#907FBA", "500" = "#5A478F", "600" = "#47337D", "700" = "#332069", "800" = "#251454"),
  powder = c("200" = "#E1F4F5", "300" = "#C5EDF0", "400" = "#A6DDE0", "500" = "#7EC8CC", "600" = "#5BB0B5", "700" = "#2F8E94", "800" = "#0C656B"),
  coral = c("200" = "#F7E2DF", "300" = "#FFC5BD", "400" = "#FCA79A", "500" = "#F47E6C", "600" = "#DA614F", "700" = "#BD422F", "800" = "#8F1D0B"),
  blueberry = c("200" = "#BCE0F7", "300" = "#94C9EB", "400" = "#77AFD4", "500" = "#5B95BA", "600" = "#407BA0", "700" = "#2B688F", "800" = "#164B6E"),
  rose = c("200" = "#F7C6DD", "300" = "#F7A6CC", "400" = "#F683B9", "500" = "#E566A1", "600" = "#C94281", "700" = "#B22D6B", "800" = "#990E4F"),
  slate = c("200" = "#ABBEE0", "300" = "#849BC4", "400" = "#6279A1", "500" = "#4A5E81", "600" = "#3C4A63", "700" = "#24334F", "800" = "#0D1C38"),
  cloud = c("200" = "#F5F5F5", "300" = "#EDEDED", "400" = "#E3E1E1", "500" = "#DBD9D9", "600" = "#C7C5C5", "700" = "#A6A6A6", "800" = "#808080"),
  butterscotch = c("200" = "#FFE2AD", "300" = "#FAD591", "400" = "#FCCB6F", "500" = "#F5B33C", "600" = "#DE9A1F", "700" = "#CF8C15", "800" = "#BD7900"),
  turquoise = c("200" = "#A9EBE5", "300" = "#63DBD0", "400" = "#42C7BB", "500" = "#24AB9F", "600" = "#109488", "700" = "#10847A", "800" = "#05635B"),
  apricot = c("200" = "#FACFAF", "300" = "#F5B584", "400" = "#F89C55", "500" = "#EB8231", "600" = "#D46D1E", "700" = "#C25D10", "800" = "#A84C05"),
  apple = c("200" = "#FF9CA0", "300" = "#F27277", "400" = "#E0585D", "500" = "#CC3F45", "600" = "#B2242A", "700" = "#9C141A", "800" = "#85070C"),
  lavender = c("200" = "#C7D6FF", "300" = "#B1C6FA", "400" = "#93ABE8", "500" = "#7692D9", "600" = "#5171C0", "700" = "#3F5EAB", "800" = "#28448A"),
  fern = c("200" = "#C0EBC0", "300" = "#A7DBA7", "400" = "#87C987", "500" = "#6DB56D", "600" = "#58A158", "700" = "#3F833F", "800" = "#2C692C"),
  stone = c("200" = "#E6E6E8", "300" = "#D3D5D8", "400" = "#BCC0CA", "500" = "#9DA3B3", "600" = "#8D919E", "700" = "#6D7078", "800" = "#515359")
)
# nolint end
